json_angle, json_cte, steer_pid, steer_p_error, steer_i_error, steer_d_error
0,0.7598,-1,0.7598,0.7598,0.7598,
0,0.7598,-0.083578,0.7598,1.5196,0,
-24.5637,0.7598,-0.106372,0.7598,2.2794,0,
-1.6531,0.7598,-0.129166,0.7598,3.0392,0,
-2.223,0.7598,-0.15196,0.7598,3.799,0,
-2.7928,0.7599,-0.175262,0.7599,4.5589,0.0001,
-3.3627,0.7593,-0.194511,0.7593,5.3182,-0.0006,
-3.9452,0.7581,-0.214194,0.7581,6.0763,-0.0012,
-4.4264,0.7566,-0.235317,0.7566,6.8329,-0.0015,
-4.9185,0.7544,-0.254339,0.7544,7.5873,-0.0022,
-5.4466,0.7517,-0.274255,0.7517,8.339,-0.0027,
-5.9221,0.7483,-0.293034,0.7483,9.0873,-0.0034,
-6.42,0.7438,-0.309623,0.7438,9.8311,-0.0045,
-6.8895,0.7379,-0.324465,0.7379,10.569,-0.0059,
-7.3042,0.7279,-0.325302,0.7279,11.2969,-0.01,
-7.6753,0.7183,-0.348371,0.7183,12.0152,-0.0096,
-7.6962,0.7068,-0.3595,0.7068,12.722,-0.0115,
-8.2729,0.6927,-0.366576,0.6927,13.4147,-0.0141,
-8.5512,0.6757,-0.371497,0.6757,14.0904,-0.017,
-8.7281,0.6551,-0.37212,0.6551,14.7455,-0.0206,
-8.8511,0.6307,-0.370821,0.6307,15.3762,-0.0244,
-8.8667,0.6018,-0.36493,0.6018,15.978,-0.0289,
-8.8342,0.5555,-0.29228,0.5555,16.5335,-0.0463,
-8.6869,0.5145,-0.332165,0.5145,17.048,-0.041,
-6.8707,0.4694,-0.323492,0.4694,17.5174,-0.0451,
-7.8678,0.4184,-0.303994,0.4184,17.9358,-0.051,
-7.651,0.3606,-0.277922,0.3606,18.2964,-0.0578,
-7.1635,0.2958,-0.248556,0.2958,18.5922,-0.0648,
-6.5117,0.2253,-0.22329,0.2253,18.8175,-0.0705,
-5.7776,0.1538,-0.219329,0.1538,18.9713,-0.0715,
-5.1459,0.1299,-0.460031,0.1299,19.1012,-0.0239,
-5.0469,-0.0481,0.320812,-0.0481,19.0531,-0.178,
-11.0644,-0.0909,-0.350321,-0.0909,18.9622,-0.0428,
8.4566,-0.1727,-0.14605,-0.1727,18.7895,-0.0818,
-8.3217,-0.2614,-0.099273,-0.2614,18.5281,-0.0887,
-3.2149,-0.3598,-0.035059,-0.3598,18.1683,-0.0984,
-2.0455,-0.4625,0.005451,-0.4625,17.7058,-0.1027,
-0.4401,-0.5326,-0.138066,-0.5326,17.1732,-0.0701,
0.5726,-0.6739,0.245216,-0.6739,16.4993,-0.1413,
-3.0153,-0.7877,0.137037,-0.7877,15.7116,-0.1138,
6.5667,-0.895,0.136752,-0.895,14.8166,-0.1073,
3.8623,-0.9623,-0.031014,-0.9623,13.8543,-0.0673,
3.8551,-1.0602,0.158687,-1.0602,12.7941,-0.0979,
-0.339,-1.1606,0.211025,-1.1606,11.6335,-0.1004,
4.4035,-1.2581,0.239143,-1.2581,10.3754,-0.0975,
5.712,-1.3463,0.237442,-1.3463,9.0291,-0.0882,
6.4149,-1.423,0.226467,-1.423,7.6061,-0.0767,
6.3724,-1.4872,0.211793,-1.4872,6.1189,-0.0642,
6.098,-1.5388,0.197537,-1.5388,4.5801,-0.0516,
5.7312,-1.5776,0.182805,-1.5776,3.0025,-0.0388,
5.3748,-1.6034,0.167197,-1.6034,1.3991,-0.0258,
5.0065,-1.6168,0.154371,-1.6168,-0.2177,-0.0134,
4.6163,-1.6109,0.105903,-1.6109,-1.8286,0.0059,
4.2956,-1.591,0.082638,-1.591,-3.4196,0.0199,
3.0839,-1.5588,0.066292,-1.5588,-4.9784,0.0322,
2.5023,-1.5154,0.053584,-1.5154,-6.4938,0.0434,
2.0936,-1.4617,0.04325,-1.4617,-7.9555,0.0537,
1.7759,-1.3982,0.033021,-1.3982,-9.3537,0.0635,
1.5176,-1.2993,-0.109945,-1.2993,-10.653,0.0989,
1.2619,-1.2149,-0.005218,-1.2149,-11.8679,0.0844,
-2.3123,-1.1575,0.161637,-1.1575,-13.0254,0.0574,
0.3059,-1.0377,-0.125222,-1.0377,-14.0631,0.1198,
4.4773,-0.9346,-0.018839,-0.9346,-14.9977,0.1031,
-2.6942,-0.8282,-0.015813,-0.8282,-15.8259,0.1064,
-0.0346,-0.7166,-0.025895,-0.7166,-16.5425,0.1116,
0.041,-0.5845,-0.117465,-0.5845,-17.127,0.1321,
-0.211,-0.4317,-0.215654,-0.4317,-17.5587,0.1528,
-2.5003,-0.2753,-0.233215,-0.2753,-17.834,0.1564,
-4.955,-0.1289,-0.186668,-0.1289,-17.9629,0.1464,
-5.394,0.0017,-0.114249,0.0017,-17.9612,0.1306,
-4.2304,0.116,-0.041944,0.116,-17.8452,0.1143,
-2.4199,0.2164,0.016044,0.2164,-17.6288,0.1004,
-0.6123,0.3071,0.050796,0.3071,-17.3217,0.0907,
0.8374,0.3929,0.059219,0.3929,-16.9288,0.0858,
1.7062,0.478,0.044124,0.478,-16.4508,0.0851,
1.9168,0.5656,0.010276,0.5656,-15.8852,0.0876,
1.5394,0.6568,-0.031988,0.6568,-15.2284,0.0912,
0.6932,0.7513,-0.075752,0.7513,-14.4771,0.0945,
-0.3634,0.8471,-0.112455,0.8471,-13.63,0.0958,
-1.4575,0.941,-0.13588,0.941,-12.689,0.0939,
-2.375,1.0287,-0.140126,1.0287,-11.6603,0.0877,
-2.9607,1.1065,-0.127711,1.1065,-10.5538,0.0778,
-3.0668,1.1713,-0.10109,1.1713,-9.3825,0.0648,
-2.7564,1.2218,-0.068769,1.2218,-8.1607,0.0505,
-2.0909,1.2666,-0.080507,1.2666,-6.8941,0.0448,
-1.2829,1.2846,0.014055,1.2846,-5.6095,0.018,
-1.5763,1.3078,-0.052339,1.3078,-4.3017,0.0232,
0.7877,1.3506,-0.192997,1.3506,-2.9511,0.0428,
-0.8721,1.3944,-0.242019,1.3944,-1.5567,0.0438,
-4.3886,1.4211,-0.200487,1.4211,-0.1356,0.0267,
-5.6141,1.4225,-0.116732,1.4225,1.2869,0.0014,
-4.5758,1.3979,-0.027439,1.3979,2.6848,-0.0246,
-2.482,1.3509,0.046384,1.3509,4.0357,-0.047,
-0.2496,1.2867,0.096993,1.2867,5.3224,-0.0642,
1.5959,1.2127,0.113312,1.2127,6.5351,-0.074,
2.8612,1.1365,0.094027,1.1365,7.6716,-0.0762,
3.2691,1.064,0.047232,1.064,8.7356,-0.0725,
2.787,0.9983,-0.013432,0.9983,9.7339,-0.0657,
1.6171,0.9397,-0.074193,0.9397,10.6736,-0.0586,
0.1005,0.8859,-0.12208,0.8859,11.5595,-0.0538,
-1.4185,0.8142,-0.053421,0.8142,12.3737,-0.0717,
-2.6157,0.7544,-0.132563,0.7544,13.1281,-0.0598,
-0.8992,0.6939,-0.146855,0.6939,13.822,-0.0605,
-2.8777,0.6572,-0.283736,0.6572,14.4792,-0.0367,
-3.235,0.6308,-0.35284,0.6308,15.11,-0.0264,
-6.6571,0.5816,-0.253828,0.5816,15.6916,-0.0492,
-8.3847,0.4999,-0.10224,0.4999,16.1915,-0.0817,
-5.9094,0.3397,0.288079,0.3397,16.5312,-0.1602,
-2.1197,0.1894,0.240412,0.1894,16.7206,-0.1503,
7.6383,0.0349,0.26809,0.0349,16.7555,-0.1545,
6.4466,-0.1071,0.215903,-0.1071,16.6484,-0.142,
7.1386,-0.2304,0.13548,-0.2304,16.418,-0.1233,
5.8339,-0.334,0.05218,-0.334,16.084,-0.1036,
3.8233,-0.4199,-0.019428,-0.4199,15.6641,-0.0859,
1.7408,-0.4915,-0.072603,-0.4915,15.1726,-0.0716,
-0.0494,-0.5534,-0.101406,-0.5534,14.6192,-0.0619,
-1.3787,-0.6109,-0.102204,-0.6109,14.0083,-0.0575,
-2.0988,-0.6687,-0.077753,-0.6687,13.3396,-0.0578,
-2.1188,-0.7299,-0.035796,-0.7299,12.6097,-0.0612,
-1.5075,-0.7955,0.013349,-0.7955,11.8142,-0.0656,
-0.4586,-0.8626,0.050082,-0.8626,10.9516,-0.0671,
0.7701,-0.9059,-0.039576,-0.9059,10.0457,-0.0433,
1.6884,-0.9177,-0.168955,-0.9177,9.128,-0.0118,
-0.5531,-0.9347,-0.114064,-0.9347,8.1933,-0.017,
-3.7875,-0.9564,-0.060787,-0.9564,7.2369,-0.0217,
-2.4153,-0.9898,0.029077,-0.9898,6.2471,-0.0334,
-1.0833,-1.0334,0.113259,-1.0334,5.2137,-0.0436,
1.1633,-1.0816,0.171117,-1.0816,4.1321,-0.0482,
3.2678,-1.1261,0.188625,-1.1261,3.006,-0.0445,
4.7143,-1.1576,0.159928,-1.1576,1.8484,-0.0315,
5.152,-1.1695,0.097608,-1.1695,0.6789,-0.0119,
4.4345,-1.1602,0.025949,-1.1602,-0.4813,0.0093,
2.8765,-1.1312,-0.040065,-1.1312,-1.6125,0.029,
1.0851,-1.0859,-0.091253,-1.0859,-2.6984,0.0453,
-0.5653,-1.0295,-0.118688,-1.0295,-3.7279,0.0564,
-1.845,-0.9683,-0.116699,-0.9683,-4.6962,0.0612,
-2.5309,-0.9078,-0.08899,-0.9078,-5.604,0.0605,
-2.4811,-0.8699,0.048212,-0.8699,-6.4739,0.0379,
-1.7884,-0.8171,-0.004415,-0.8171,-7.291,0.0528,
1.6416,-0.7635,0.01181,-0.7635,-8.0545,0.0536,
0.326,-0.6971,-0.034597,-0.6971,-8.7516,0.0664,
0.7316,-0.5686,-0.334464,-0.5686,-9.3202,0.1285,
-0.4286,-0.4094,-0.483642,-0.4094,-9.7296,0.1592,
-7.9253,-0.2673,-0.397228,-0.2673,-9.9969,0.1421,
-11.6547,-0.1629,-0.209061,-0.1629,-10.1598,0.1044,
-9.4944,-0.1042,0.01963,-0.1042,-10.264,0.0587,
-4.7902,-0.0856,0.221768,-0.0856,-10.3496,0.0186,
0.9271,-0.0916,0.347816,-0.0916,-10.4412,-0.006,
5.9805,-0.099,0.358156,-0.099,-10.5402,-0.0074,
9.1317,-0.1,0.329206,-0.1,-10.6402,-0.001,
9.3902,-0.0797,0.224082,-0.0797,-10.7199,0.0203,
8.6665,-0.0327,0.089213,-0.0327,-10.7526,0.047,
6.0384,0.0389,-0.038534,0.0389,-10.7137,0.0716,
2.6667,0.1305,-0.147029,0.1305,-10.5832,0.0916,
-0.527,0.2345,-0.221264,0.2345,-10.3487,0.104,
-3.2394,0.3407,-0.247795,0.3407,-10.008,0.1062,
-5.0953,0.4395,-0.22892,0.4395,-9.5685,0.0988,
-5.7585,0.5242,-0.178381,0.5242,-9.0443,0.0847,
-5.2867,0.6045,-0.178531,0.6045,-8.4398,0.0803,
-4.0232,0.684,-0.199026,0.684,-7.7558,0.0795,
-4.0269,0.7462,-0.138022,0.7462,-7.0096,0.0622,
-4.5393,0.7852,-0.047528,0.7852,-6.2244,0.039,
-3.0142,0.8011,0.043144,0.8011,-5.4233,0.0159,
-0.7519,0.7985,0.111819,0.7985,-4.6248,-0.0026,
1.5149,0.7853,0.14192,0.7853,-3.8395,-0.0132,
3.2318,0.7704,0.128053,0.7704,-3.0691,-0.0149,
3.9843,0.7611,0.077685,0.7611,-2.308,-0.0093,
3.6377,0.7619,0.004288,0.7619,-1.5461,0.0008,
2.3785,0.7801,-0.107025,0.7801,-0.766,0.0182,
0.5435,0.8046,-0.163888,0.8046,0.0386,0.0245,
-2.2393,0.8222,-0.154934,0.8222,0.8608,0.0176,
-3.6609,0.8427,-0.19574,0.8427,1.7035,0.0205,
-3.437,0.8525,-0.168305,0.8525,2.556,0.0098,
-4.4572,0.8808,-0.288644,0.8808,3.4368,0.0283,
-3.7713,0.955,-0.550504,0.955,4.3918,0.0742,
-6.7798,0.99,-0.385954,0.99,5.3818,0.035,
-13.3263,0.9821,-0.200522,0.9821,6.3639,-0.0079,
-9.2125,0.9265,0.012963,0.9265,7.2904,-0.0556,
-4.5767,0.8324,0.185196,0.8324,8.1228,-0.0941,
0.7604,0.7147,0.28764,0.7147,8.8375,-0.1177,
5.0662,0.5897,0.312699,0.5897,9.4272,-0.125,
7.6273,0.4737,0.259288,0.4737,9.9009,-0.116,
8.2538,0.379,0.146153,0.379,10.2799,-0.0947,
6.9185,0.3098,0.012819,0.3098,10.5897,-0.0692,
4.0902,0.2617,-0.098127,0.2617,10.8514,-0.0481,
0.7568,0.2261,-0.16563,0.2261,11.0775,-0.0356,
-2.0168,0.1943,-0.188869,0.1943,11.2718,-0.0318,
-3.7044,0.1576,-0.167262,0.1576,11.4294,-0.0367,
-4.2854,0.1101,-0.11419,0.1101,11.5395,-0.0475,
